1020000
1020007
1020016
1020018
1020019
1020020
1020021
1020024
1020025
1020046
1020054
1020072
1020076
1020088
1020105
1020107
1020109
1020115
1020119
1020121
1020124
1020125
1020126
1020128
1020133
1020134
1020138
1020139
1020140
1020149
1020151
1020152
1020158
1020159
1020160
1020175
1020188
1020190
1020194
1020195
1020200
1020203
1020209
1020211
1020213
1020218
1020222
1020227
1020229
1020231
1020236
1020237
1020238
1020241
1020257
1020259
1020263
1020266
1020271
1020280
1020282
1020290
1020291
1020297
1020305
1020316
1020324
1020333
1020335
1020344
1020359
1020361
1020362
1020363
1020373
1020377
1020380
1020389
1020391
1020396
1020400
1020404
1020410
1020415
1020424
1020425
1020430
1020436
1020439
1020446
1020450
1020452
1020455
1020464
1020466
1020471
1020472
1020478
1020484
1020494
