1020000
1020000
1020000
1020000
1020000
1020000
1020000
1020000
1020000
1020000
1020000
1020000
1020000
1020000
1020000
1020000
1020000
1020000
1020000
1020000
1020000
1020000
1020000
1020000
1020000
1020000
1020000
1020000
1020000
1020000
1020007
1020007
1020007
1020007
1020007
1020007
1020007
1020007
1020007
1020007
1020007
1020007
1020007
1020007
1020007
1020007
1020007
1020007
1020007
1020007
1020007
1020007
1020007
1020007
1020007
1020007
1020007
1020007
1020007
1020007
1020016
1020016
1020016
1020016
1020016
1020016
1020016
1020016
1020016
1020016
1020016
1020016
1020016
1020016
1020016
1020016
1020016
1020016
1020016
1020016
1020016
1020016
1020016
1020016
1020016
1020016
1020016
1020016
1020016
1020016
1020018
1020018
1020018
1020018
1020018
1020018
1020018
1020018
1020018
1020018
1020018
1020018
1020018
1020018
1020018
1020018
1020018
1020018
1020018
1020018
1020018
1020018
1020018
1020018
1020018
1020018
1020018
1020018
1020018
1020018
1020019
1020019
1020019
1020019
1020019
1020019
1020019
1020019
1020019
1020019
1020019
1020019
1020019
1020019
1020019
1020019
1020019
1020019
1020019
1020019
1020019
1020019
1020019
1020019
1020019
1020019
1020019
1020019
1020019
1020019
1020020
1020020
1020020
1020020
1020020
1020020
1020020
1020020
1020020
1020020
1020020
1020020
1020020
1020020
1020020
1020020
1020020
1020020
1020020
1020020
1020020
1020020
1020020
1020020
1020020
1020020
1020020
1020020
1020020
1020020
1020021
1020021
1020021
1020021
1020021
1020021
1020021
1020021
1020021
1020021
1020021
1020021
1020021
1020021
1020021
1020021
1020021
1020021
1020021
1020021
1020021
1020021
1020021
1020021
1020021
1020021
1020021
1020021
1020021
1020021
1020024
1020024
1020024
1020024
1020024
1020024
1020024
1020024
1020024
1020024
1020024
1020024
1020024
1020024
1020024
1020024
1020024
1020024
1020024
1020024
1020024
1020024
1020024
1020024
1020024
1020024
1020024
1020024
1020024
1020024
1020025
1020025
1020025
1020025
1020025
1020025
1020025
1020025
1020025
1020025
1020025
1020025
1020025
1020025
1020025
1020025
1020025
1020025
1020025
1020025
1020025
1020025
1020025
1020025
1020025
1020025
1020025
1020025
1020025
1020025
1020046
1020046
1020046
1020046
1020046
1020046
1020046
1020046
1020046
1020046
1020046
1020046
1020046
1020046
1020046
1020046
1020046
1020046
1020046
1020046
1020046
1020046
1020046
1020046
1020046
1020046
1020046
1020046
1020046
1020046
