1020000
1020007
1020016
1020018
1020019
1020020
1020021
1020024
1020025
1020046
1020054
1020072
1020076
1020088
1020105
1020107
1020109
1020115
1020119
1020121
1020124
1020125
1020126
1020128
1020133
1020134
1020138
1020139
1020140
1020149
1020151
1020152
1020158
1020159
1020160
1020175
1020188
1020190
1020194
1020195
1020200
1020203
1020209
1020211
1020213
1020218
1020222
1020227
1020229
1020231
1020236
1020237
1020238
1020241
1020257
1020259
1020263
1020266
1020271
1020280
1020282
1020290
1020291
1020297
1020305
1020316
1020324
1020333
1020335
1020344
1020359
1020361
1020362
1020363
1020373
1020377
1020380
1020389
1020391
1020396
1020400
1020404
1020410
1020415
1020424
1020425
1020430
1020436
1020439
1020446
1020450
1020452
1020455
1020464
1020466
1020471
1020472
1020478
1020484
1020494
1020501
1020502
1020512
1020513
1020518
1020519
1020528
1020531
1020534
1020537
1020540
1020541
1020545
1020548
1020551
1020552
1020553
1020555
1020560
1020562
1020568
1020571
1020572
1020573
1020579
1020580
1020583
1020585
1020588
1020590
1020593
1020595
1020598
1020602
1020607
1020610
1020614
1020622
1020628
1020632
1020637
1020641
1020643
1020652
1020657
1020668
1020669
1020678
1020690
1020694
1020695
1020697
1020699
1020715
1020721
1020725
1020737
1020739
1020741
1020742
1020745
1020757
1020770
1020772
1020774
1020778
1020784
1020786
1020789
1020790
1020791
1020792
1020795
1020796
1020797
1020802
1020807
1020809
1020813
1020817
1020818
1020819
1020828
1020838
1020841
1020873
1020883
1020895
1020897
1020903
1020904
1020906
1020910
1020913
1020914
1020915
1020923
1020926
1020930
1020933
1020934
1020946
1020950
1020954
1020957
1020961
1020964
1020967
1020968
1020969
1020971
1020972
1020975
1020980
1020983
1020984
1020989
1020996
1020998
1020999
1021001
1021007
1021020
1021034
1021039
1021040
1021043
1021044
1021053
1021055
1021062
1021064
1021071
1021072
1021074
1021077
1021087
1021104
1021107
1021110
1021118
1021121
1021126
1021130
1021132
1021135
1021137
1021143
1021152
1021155
1021161
1021170
1021175
1021181
1021187
1021191
1021192
1021203
1021205
1021211
1021216
1021235
1021237
1021238
1021248
1021256
1021261
1021269
1021271
1021277
1021281
1021288
1021289
1021297
1021310
1021317
1021324
1021326
1021329
1021344
1021345
1021351
1021357
1021362
1021366
1021374
1021376
1021378
1021387
1021390
1021399
1021403
1021413
1021435
1021437
1021442
1021453
1021454
1021455
1021458
1021459
1021462
1021464
1021480
1021491
1021492
1021499
1021500
1021507
1021511
1021515
1021529
1021530
1021544
1021555
1021558
1021562
1021570
1021578
1021593
1021595
1021602
1021604
1021609
1021611
1021622
1021634
1021637
1021653
1021656
1021659
1021667
1021671
1021672
1021707
1021720
1021734
1021740
1021747
1021749
1021751
1021779
1021785
1021788
1021801
1021821
1021826
1021828
1021852
1021853
1021858
1021876
1021887
1021888
1021889
1021893
1021903
1021905
1021910
1021931
1021934
1021940
1021945
1021949
1021958
1021979
1022008
1022024
1022032
1022038
1022057
1022059
1022072
1022083
1022094
1022103
1022104
1022107
1022112
1022115
1022130
1022131
1022134
1022140
1022152
1022158
1022160
1022182
1022184
1022186
1022196
1022201
1022213
1022214
1022223
1022232
1022236
1022263
1022275
1022280
1022281
1022287
1022301
1022315
1022319
1022322
1022329
1022341
1022350
1022360
1022361
1022367
1022368
1022376
1022383
1022388
1022391
1022399
1022402
1022407
1022414
1022416
1022420
1022428
1022439
1022443
1022445
1022482
1022510
1022517
1022521
1022526
1022528
1022529
1022538
1022545
1022554
1022556
1022560
1022567
1022568
1022571
1022582
1022586
1022596
1022605
1022608
1022613
1022614
1022617
1022619
1022626
1022634
1022653
1022671
1022685
1022721
1022722
1022754
1022776
1022780
1022784
1022804
1022805
1022815
1022823
1022835
1022851
1022854
1022855
1022856
1022862
1022870
1022887
1022904
1022908
1022919
1022930
1022939
1022944
1022954
1022960
1022963
1022967
1022971
1022978
1022979
1023004
1023005
1023015
1023023
1023031
1023039
1023042
1023047
1023049
1023061
1023065
1023068
1023074
1023080
1023084
1023087
1023089
1023093
1023099
1023102
1023107
1023123
1023126
1023131
1023141
1023142
1023152
1023165
1023174
1023184
1023205
1023212
1023213
1023217
1023222
1023223
1023230
1023236
1023243
1023248
1023257
1023263
1023265
1023270
1023272
1023277
1023278
1023292
1023297
1023302
1023311
1023312
1023313
1023322
1023327
1023334
1023335
1023336
1023340
1023349
1023352
1023361
1023368
1023373
1023374
1023375
1023377
1023386
1023389
1023390
1023398
1023399
1023404
1023416
1023421
1023440
1023441
1023442
1023448
1023453
1023459
1023460
1023462
1023467
1023476
1023478
1023482
1023488
1023493
1023499
1023502
1023508
1023512
1023513
1023518
1023520
1023526
1023530
1023543
1023545
1023547
1023548
1023568
1023587
1023601
1023603
1023610
1023613
1023617
1023623
1023627
1023630
1023640
1023643
1023647
1023648
1023649
1023652
1023655
1023663
1023684
1023704
1023705
1023710
1023713
1023721
1023726
1023729
1023735
1023736
1023747
1023749
1023752
1023753
1023756
1023757
1023763
1023766
1023768
1023771
1023775
1023780
1023791
1023795
1023800
1023802
1023803
1023816
1023825
1023829
1023836
1023839
1023840
1023855
1023860
1023861
1023866
1023870
1023878
1023891
1023900
1023901
1023908
1023911
1023918
1023929
1023934
1023939
1023940
1023944
1023950
1023955
1023963
1023966
1023968
1023970
1023972
1023980
1023986
1023991
1023996
1023999
1024001
1024006
1024007
1024017
1024020
1024028
1024032
1024040
1024045
1024046
1024049
1024055
1024056
1024062
1024065
1024073
1024089
1024098
1024105
1024108
1024130
1024131
1024132
1024142
1024150
1024168
1024169
1024178
1024180
1024186
1024190
1024192
1024195
1024196
1024198
1024204
1024211
1024218
1024221
1024222
1024226
1024227
1024228
1024230
1024231
1024233
1024247
1024253
1024260
1024267
1024268
1024269
1024277
1024278
1024289
1024292
1024297
1024298
1024302
1024304
1024312
1024317
1024335
1024338
1024339
1024340
1024342
1024366
1024368
1024369
1024372
1024381
1024403
1024408
1024412
1024413
1024417
1024423
1024434
1024440
1024462
1024465
1024480
1024486
1024491
1024492
1024506
1024509
1024510
1024512
1024516
1024523
1024531
1024536
1024542
1024552
1024560
1024572
1024583
1024596
1024601
1024604
1024610
1024617
1024619
1024632
1024634
1024642
1024643
1024652
1024653
1024657
1024662
1024672
1024673
1024679
1024680
1024682
1024684
1024689
1024699
1024701
1024704
1024712
1024714
1024716
1024717
1024728
1024729
1024730
1024732
1024735
1024736
1024738
1024743
1024745
1024746
1024750
1024762
1024765
1024766
1024767
1024770
1024771
1024796
1024798
1024802
1024803
1024816
1024819
1024837
1024839
1024840
1024847
1024849
1024850
1024860
1024862
1024869
1024870
1024874
1024884
1024887
1024891
1024893
1024896
1024901
1024902
1024908
1024909
1024912
1024914
1024916
1024920
1024927
1024931
1024938
1024940
1024947
1024953
1024959
1024960
1024964
1024969
1024972
1025002
1025006
1025012
1025020
1025023
1025025
1025038
1025052
1025061
1025072
1025075
1025081
1025093
1025099
1025102
1025106
1025111
1025113
1025116
1025126
1025127
1025129
1025131
1025134
1025138
1025144
1025150
1025155
1025162
1025167
1025169
1025175
1025177
1025178
1025183
1025188
1025189
1025193
1025196
1025207
1025211
1025212
1025218
1025219
1025220
1025231
1025237
1025238
1025243
1025244
1025247
1025251
1025252
1025258
1025259
1025262
1025266
1025269
1025270
1025275
1025292
1025302
1025307
1025313
1025317
1025320
1025322
1025327
1025336
1025338
1025340
1025346
1025354
1025363
1025369
1025386
1025390
1025409
1025412
1025418
1025419
1025421
1025423
1025425
1025431
1025441
1025447
1025450
1025451
1025454
1025459
1025470
1025475
1025480
1025483
1025485
1025495
1025505
1025506
1025510
1025511
1025520
1025525
1025526
1025527
1025531
1025539
1025552
1025558
1025562
1025563
1025564
1025565
1025569
1025574
1025577
1025578
1025592
1025594
1025598
1025599
1025604
1025611
1025616
1025619
1025624
1025631
1025634
1025638
1025643
1025648
1025650
1025655
1025659
1025660
1025662
1025666
1025673
1025698
1025708
1025712
1025713
1025714
1025718
1025719
1025723
1025726
1025728
1025731
1025732
1025733
1025734
1025738
1025742
1025745
1025747
1025748
1025753
1025757
1025762
1025769
1025771
1025773
1025775
1025776
1025785
1025789
1025790
1025796
1025802
1025829
1025833
1025838
1025841
1025842
1025847
1025854
1025856
1025858
1025859
1025863
1025874
1025876
1025883
1025886
1025889
1025895
1025896
1025899
1025900
1025906
1025907
1025908
1025909
1025912
1025919
1025927
1025930
1025931
1025943
1025944
1025954
1025966
1025969
1025986
1025993
1025995
1025998
1026000
1026002
1026004
1026011
1026019
1026023
1026038
1026051
1026054
1026068
1026089
1026091
1026127
1026132
1026137
1026138
1026144
1026149
1026150
1026151
1026156
1026161
1026167
1026172
1026176
1026182
1026200
1026205
1026217
1026221
1026223
1026225
1026226
1026227
1026234
1026247
1026253
1026254
1026266
1026280
1026289
1026291
1026296
1026302
1026306
1026309
1026311
1026316
1026320
1026327
1026328
1026329
1026333
1026337
1026338
1026339
1026340
1026341
1026348
1026350
1026358
1026360
1026362
1026363
1026365
1026377
1026378
1026379
1026394
1026402
1026419
1026425
1026427
1026428
1026429
1026434
1026435
1026438
1026440
1026441
1026448
1026454
1026467
1026470
1026477
1026487
1026491
1026502
1026516
1026522
1026527
1026532
1026538
1026539
1026542
1026546
1026557
1026573
1026578
1026579
1026581
1026589
1026593
1026595
1026606
1026607
1026612
1026622
1026623
1026625
1026626
1026630
1026631
1026636
1026640
1026641
1026650
1026654
1026656
1026663
1026667
1026669
1026677
1026697
1026700
1026706
1026742
1026744
1026765
1026778
1026799
1026801
1026805
1026809
1026810
1026816
1026819
1026825
1026828
1026829
1026834
1026835
1026837
1026840
1026841
1026845
1026859
1026867
1026869
1026870
1026872
1026877
1026880
1026885
1026890
1026898
1026907
1026910
1026915
1026918
1026928
1026930
1026931
1026932
1026936
1026943
1026944
1026948
1026950
1026951
1026952
1026953
1026955
1026956
1026957
1026962
1026967
1026972
1026973
1026975
1026977
1026978
1026982
1026985
1026986
1026987
1026989
1026990
1026995
1026997
1026999
1027000
1027002
1027007
1027008
1027014
1027025
1027030
1027041
1027043
1027044
1027054
1027076
1027077
1027091
1027095
1027096
1027101
1027108
1027109
1027129
1027131
1027135
1027138
1027148
1027151
1027152
1027160
1027167
1027179
1027180
1027189
1027191
1027199
1027204
1027208
1027209
1027225
1027231
1027244
1027247
1027254
1027255
1027258
1027267
1027273
1027275
1027276
1027279
1027285
1027288
1027292
1027296
1027298
1027299
1027301
1027307
1027308
1027316
1027317
1027322
1027324
1027333
1027334
1027335
1027337
1027339
1027340
1027341
1027343
1027345
1027346
1027347
1027351
1027359
1027360
1027362
1027366
1027372
1027374
1027375
1027378
1027386
1027387
1027389
1027390
1027392
1027394
1027395
1027396
1027398
1027400
1027401
1027405
1027406
1027408
1027410
1027411
1027412
1027413
1027414
1027416
1027417
1027420
1027421
1027422
1027424
1027427
1027428
1027431
1027435
1027437
1027440
1027443
1027445
1027446
1027447
1027450
1027452
1027454
1027457
1027458
1027462
1027464
1027467
1027468
1027470
1027477
1027481
1027488
1027490
1027497
1027499
1027500
1027504
1027505
1027506
1027508
1027511
1027520
1027521
1027523
1027529
1027534
1027535
1027536
1027537
1027539
1027541
1027543
1027544
1027548
1027550
1027552
1027554
1027558
1027560
1027565
1027566
1027567
1027568
1027575
1027577
1027578
1027579
1027580
1027581
1027584
1027591
1027595
1027596
1027598
1027601
1027602
1027606
1027611
1027612
1027613
1027618
1027622
1027623
1027628
1027633
1027635
1027651
1027654
1027659
1027667
1027670
1027674
1027687
1027691
1027694
1027702
1027704
1027707
1027710
1027711
1027719
1027723
1027724
1027728
1027731
1027733
1027735
1027740
1027741
1027746
1027749
1027751
1027753
1027755
1027757
1027761
1027767
1027770
1027774
1027777
1027781
1027790
1027792
1027794
1027800
1027804
1027806
1027814
1027817
1027820
1027821
1027823
1027824
1027826
1027829
1027830
1027831
1027838
1027839
1027840
1027841
1027842
1027843
1027845
1027846
1027848
1027850
1027854
1027855
1027860
1027861
1027864
1027873
1027876
1027879
1027880
1027882
1027888
1027895
1027896
1027898
1027900
1027902
1027904
1027906
1027907
1027908
1027913
1027915
1027920
1027923
1027925
1027929
1027931
1027932
1027935
1027936
1027940
1027942
1027946
1027947
1027950
1027955
1027958
1027961
1027964
1027965
1027967
1027969
1027971
1027972
1027974
1027976
1027978
1027979
1027980
1027983
1027988
1027999
1028002
1028003
1028005
1028011
1028018
1028019
1028039
1028042
1028049
1028050
1028059
1028060
1028064
1028066
1028067
1028068
1028070
1028076
1028085
1028093
1028096
1028101
1028102
1028109
1028118
1028123
1028135
1028143
1028144
1028149
1028150
1028151
1028152
1028156
1028157
1028158
1028163
1028167
1028173
1028179
1028182
1028183
1028187
1028190
1028191
1028193
1028199
1028203
1028207
1028214
1028215
1028217
1028218
1028219
1028223
1028226
1028228
1028230
1028232
1028235
1028236
1028237
1028238
1028242
1028243
1028244
1028245
1028252
1028256
1028260
1028271
1028273
1028277
1028280
1028282
1028286
1028288
1028296
1028303
1028309
1028310
1028312
1028315
1028316
1028320
1028324
1028329
1028333
1028342
1028345
1028346
1028348
1028360
1028364
1028370
1028374
1028380
1028385
1028387
1028395
1028411
1028416
1028418
1028422
1028424
1028431
1028432
1028436
1028438
1028444
1028448
1028450
1028456
1028461
1028471
1028489
1028493
1028494
1028501
1028502
1028504
1028506
1028507
1028515
1028516
1028518
1028523
1028530
1028531
1028535
1028546
1028551
1028554
1028557
1028558
1028559
1028562
1028563
1028568
1028574
1028578
1028585
1028587
1028588
1028594
1028599
1028601
1028602
1028603
1028605
1028609
1028610
1028614
1028619
1028622
1028628
1028632
1028644
1028645
1028646
1028649
1028650
1028655
1028657
1028658
1028659
1028662
1028670
1028671
1028676
1028682
1028683
1028686
1028689
1028693
1028695
1028709
1028712
1028717
1028719
1028720
1028721
1028723
1028725
1028726
1028729
1028743
1028745
1028757
1028759
1028760
1028762
1028767
1028772
1028776
1028779
1028780
1028781
1028782
1028784
1028785
1028786
1028787
1028795
1028796
1028797
1028804
1028807
1028817
1028818
1028820
1028824
1028825
1028826
1028828
1028839
1028840
1028846
1028848
1028849
1028850
1028854
1028855
1028860
1028862
1028864
1028871
1028874
1028875
1028877
1028881
1028889
1028896
1028898
1028907
1028911
1028912
1028914
1028915
1028916
1028917
1028919
1028930
1028934
1028935
1028938
1028941
1028949
1028956
1028962
1028968
1028970
1028977
1028987
1028999
1029009
1029010
1029011
1029013
1029014
1029017
1029018
1029021
1029023
1029024
1029026
1029032
1029033
1029034
1029038
1029043
1029045
1029046
1029052
1029054
1029055
1029057
1029059
1029063
1029065
1029070
1029076
1029077
1029083
1029092
1029094
1029096
1029099
1029101
1029106
1029111
1029113
1029116
1029122
1029123
1029138
1029139
1029142
1029145
1029150
1029152
1029153
1029155
1029160
1029161
1029162
1029166
1029167
1029168
1029175
1029180
1029182
1029186
1029188
1029190
1029191
1029196
1029197
1029204
1029206
1029210
1029215
1029222
1029227
1029230
1029231
1029232
1029235
1029239
1029240
1029248
1029258
1029260
1029262
1029264
1029265
1029266
1029267
1029271
1029273
1029281
1029282
1029283
1029285
1029288
1029289
1029291
1029292
1029294
1029296
1029297
1029306
1029307
1029309
1029310
1029315
1029319
1029321
1029322
1029323
1029324
1029326
1029329
1029330
1029337
1029338
1029343
1029344
1029346
1029350
1029351
1029352
1029357
1029360
1029362
1029364
1029365
1029367
1029370
1029373
1029377
1029378
1029379
1029380
1029388
1029390
1029391
1029392
1029393
1029394
1029396
1029399
1029400
1029402
1029404
1029411
1029412
1029414
1029415
1029424
1029426
1029427
1029428
1029429
1029433
1029435
1029436
1029437
1029441
1029442
1029450
1029451
1029453
1029455
1029456
1029458
1029462
1029471
1029477
1029479
1029484
1029488
1029493
1029494
1029501
1029502
1029505
1029507
1029510
1029512
1029514
1029520
1029526
1029534
1029541
1029544
1029549
1029551
1029556
1029561
1029570
1029571
1029574
1029577
1029579
1029580
1029584
1029592
1029593
1029594
1029596
